(module OSHWLOGO_TOP_0.2 (layer F.Cu) (tedit 0)
  (fp_text reference U$1 (at 0 0) (layer F.SilkS) hide
    (effects (font (size 1.27 1.27) (thickness 0.15)))
  )
  (fp_text value "" (at 0 0) (layer F.SilkS) hide
    (effects (font (size 1.27 1.27) (thickness 0.15)))
  )
  (fp_arc (start -0.000391 0.0002) (end 0.6683 1.6134) (angle -9.500616) (layer F.Fab) (width 0.254))
  (fp_line (start 0.9254 1.4809) (end 1.5638 2.0015) (layer F.Fab) (width 0.254))
  (fp_line (start 1.5638 2.0015) (end 2.0015 1.5638) (layer F.Fab) (width 0.254))
  (fp_line (start 2.0015 1.5638) (end 1.4809 0.9254) (layer F.Fab) (width 0.254))
  (fp_arc (start 0 0.000033) (end 1.4809 0.9254) (angle -19.001712) (layer F.Fab) (width 0.254))
  (fp_line (start 1.7015 0.3928) (end 2.5211 0.3095) (layer F.Fab) (width 0.254))
  (fp_line (start 2.5211 0.3095) (end 2.5211 -0.3095) (layer F.Fab) (width 0.254))
  (fp_line (start 2.5211 -0.3095) (end 1.7015 -0.3928) (layer F.Fab) (width 0.254))
  (fp_arc (start 0 -0.000033) (end 1.7015 -0.3928) (angle -19.001712) (layer F.Fab) (width 0.254))
  (fp_line (start 1.4809 -0.9254) (end 2.0015 -1.5638) (layer F.Fab) (width 0.254))
  (fp_line (start 2.0015 -1.5638) (end 1.5638 -2.0015) (layer F.Fab) (width 0.254))
  (fp_line (start 1.5638 -2.0015) (end 0.9254 -1.4809) (layer F.Fab) (width 0.254))
  (fp_arc (start 0.000033 0) (end 0.9254 -1.4809) (angle -19.001712) (layer F.Fab) (width 0.254))
  (fp_line (start 0.3928 -1.7015) (end 0.3095 -2.5211) (layer F.Fab) (width 0.254))
  (fp_line (start 0.3095 -2.5211) (end -0.3095 -2.5211) (layer F.Fab) (width 0.254))
  (fp_line (start -0.3095 -2.5211) (end -0.3928 -1.7015) (layer F.Fab) (width 0.254))
  (fp_arc (start -0.000033 0) (end -0.3928 -1.7015) (angle -19.001712) (layer F.Fab) (width 0.254))
  (fp_line (start -0.9254 -1.4809) (end -1.5638 -2.0015) (layer F.Fab) (width 0.254))
  (fp_line (start -1.5638 -2.0015) (end -2.0015 -1.5638) (layer F.Fab) (width 0.254))
  (fp_line (start -2.0015 -1.5638) (end -1.4809 -0.9254) (layer F.Fab) (width 0.254))
  (fp_arc (start 0 -0.000033) (end -1.4809 -0.9254) (angle -19.001712) (layer F.Fab) (width 0.254))
  (fp_line (start -1.7015 -0.3928) (end -2.5211 -0.3095) (layer F.Fab) (width 0.254))
  (fp_line (start -2.5211 -0.3095) (end -2.5211 0.3095) (layer F.Fab) (width 0.254))
  (fp_line (start -2.5211 0.3095) (end -1.7015 0.3928) (layer F.Fab) (width 0.254))
  (fp_arc (start 0 0.000033) (end -1.7015 0.3928) (angle -19.001712) (layer F.Fab) (width 0.254))
  (fp_line (start -1.4809 0.9254) (end -2.0015 1.5638) (layer F.Fab) (width 0.254))
  (fp_line (start -2.0015 1.5638) (end -1.5638 2.0015) (layer F.Fab) (width 0.254))
  (fp_line (start -1.5638 2.0015) (end -0.9254 1.4809) (layer F.Fab) (width 0.254))
  (fp_arc (start 0.000391 0.0002) (end -0.9254 1.4809) (angle -9.500616) (layer F.Fab) (width 0.254))
  (fp_line (start -0.6683 1.6134) (end -0.3038 0.7334) (layer F.Fab) (width 0.254))
  (fp_arc (start -0.000099 0.000101) (end -0.3038 0.7334) (angle 67.510161) (layer F.Fab) (width 0.254))
  (fp_arc (start -0.000043 0.000099) (end -0.7938 0) (angle 247.486078) (layer F.Fab) (width 0.254))
  (fp_line (start 0.3038 0.7334) (end 0.6683 1.6134) (layer F.Fab) (width 0.254))
  (fp_poly (pts (xy 0.6683 1.6134) (xy 0.9254 1.4809) (xy 1.5638 2.0015) (xy 2.0015 1.5638)
    (xy 1.4809 0.9254) (xy 1.7015 0.3928) (xy 2.5211 0.3095) (xy 2.5211 -0.3095)
    (xy 1.7015 -0.3928) (xy 1.4809 -0.9254) (xy 2.0015 -1.5638) (xy 1.5638 -2.0015)
    (xy 0.9254 -1.4809) (xy 0.3928 -1.7015) (xy 0.3095 -2.5211) (xy -0.3095 -2.5211)
    (xy -0.3928 -1.7015) (xy -0.9254 -1.4809) (xy -1.5638 -2.0015) (xy -2.0015 -1.5638)
    (xy -1.4809 -0.9254) (xy -1.61333 -0.668266) (xy -1.7015 -0.3928) (xy -2.5211 -0.3095)
    (xy -2.5211 0.3095) (xy -1.7015 0.3928) (xy -1.61333 0.668266) (xy -1.4809 0.9254)
    (xy -2.0015 1.5638) (xy -1.5638 2.0015) (xy -0.9254 1.4809) (xy -0.799598 1.552482)
    (xy -0.6683 1.6134) (xy -0.3038 0.7334) (xy -0.303799 0.733401) (xy -0.503614 0.613643)
    (xy -0.660055 0.441032) (xy -0.759643 0.230437) (xy -0.7938 0) (xy -0.7938 -0.000002)
    (xy -0.771031 -0.188653) (xy -0.704077 -0.366487) (xy -0.596776 -0.523313) (xy -0.455276 -0.650142)
    (xy -0.287687 -0.739706) (xy -0.103613 -0.786872) (xy 0.086396 -0.788937) (xy 0.271452 -0.745783)
    (xy 0.440948 -0.659883) (xy 0.585172 -0.53616) (xy 0.695857 -0.381704) (xy 0.76666 -0.205367)
    (xy 0.793524 -0.017255) (xy 0.774909 0.171851) (xy 0.711883 0.351115) (xy 0.608056 0.510262)
    (xy 0.3038 0.7334)) (layer F.Cu) (width 0))
)
